*************** TFIDF of abstracts ***************
Word                 Tool                 Nontool              Overall             
group                2.6922832031510278   0.5479803542190207   3.2663662950007586  
valid                2.6961952981455974   1.4876938236493107   4.086218349444665   
rate                 2.724501251661935    1.8481126454979688   4.426797922224271   
interfac             2.743054351656323    1.0742028926166105   3.775047413262596   
quantit              2.743643421523847    2.0674894686674854   4.696444803148451   
organ                2.7557083289261834   2.1326729696535134   4.7085886035968745  
qualiti              2.768255139550111    1.5525062329577006   4.271015723265667   
variabl              2.773805357886981    1.101566438930879    3.790227841572024   
flexibl              2.774133294515266    0.4046432253108132   3.2656431340174294  
mass                 2.788801969030625    0.5899811030799731   3.3386535796341428  
signal               2.808415336100114    1.919031084412703    4.562143332368493   
phenotyp             2.8091828787393784   2.450700522443328    5.124571997373826   
search               2.8243566089600516   0.39927507083297104  3.2545155275335165  
enabl                2.8610708926676294   2.443609076708899    5.109870240898842   
optim                2.884392160170661    1.209093383641811    3.982433330843617   
platform             2.886811092220924    0.8891122677648592   3.725991648814927   
chang                2.9042538426320177   1.525138640568171    4.338836323120456   
correl               2.912332326141963    1.8199608478302263   4.580326284535574   
techniqu             2.913550044192534    1.428501842175614    4.263714181826494   
support              2.92340641581108     1.060417448606213    3.917507843872917   
evalu                2.9297517579721646   1.4972557950100875   4.370768736657306   
onli                 2.9403240546654583   2.1091481486021983   4.924343654283898   
highthroughput       2.949592553803764    1.0919143379390333   4.017541779090784   
level                2.951264033974032    1.7551039493522245   4.571040064113621   
understand           2.965246026590796    1.9269759257451349   4.7667324886959355  
variat               2.9658941271822834   1.3949971695896293   4.294543750347773   
file                 2.975389158386053    0.07870794346635254  3.230915499925626   
increas              2.9863032845208064   2.0929448828989057   4.880057448853704   
addit                2.9954053593940735   1.2972203305949839   4.264611658202265   
problem              3.0001320314366855   1.848117205527322    4.720777561891374   
workflow             3.0199047523925757   0.14225129151259158  3.2691292627614112  
individu             3.022646846627108    1.609818694517641    4.4995443206759935  
wide                 3.026113813998339    1.1267085371004455   4.14963251043527    
sensit               3.0520282671211647   1.3138072765912185   4.278584525384      
recent               3.0541361595720606   2.024923770335569    4.944284220822076   
relat                3.0566727111167795   1.0880184940861863   4.120907043487231   
experiment           3.1067317478707093   1.704566274607759    4.7472208405414085  
identif              3.112787553529161    1.3650844596350815   4.42196466480058    
speci                3.1179730966888073   0.6987547124277983   3.80670800961276    
dynam                3.1214484949827717   3.1610921250415127   6.082827973695129   
technolog            3.1235649818244484   1.681529817569187    4.689372359423258   
paramet              3.128110607790497    0.9174919837684568   4.047925427100505   
describ              3.159301953221832    2.4562650308944227   5.436334270581758   
program              3.1617420277560337   0.8996256118258645   4.091129846124001   
power                3.1624405975669374   1.372397858148201    4.487959510447088   
genotyp              3.174256521283248    1.7225838668236706   4.797092248337693   
need                 3.216196299650839    0.9043306287282441   4.188919983878886   
pipelin              3.2167580927795343   0.20553567187947686  3.6214377605317596  
combin               3.2287080682926597   2.045901075347639    5.1317096548454     
experi               3.256395188155038    1.7815531119817298   4.9692683347055215  
framework            3.2583697544583874   0.6291555981760518   3.975982822008641   
singlecel            3.267460615440436    0.08711584014642852  3.4539130193926866  
sever                3.2885531688731247   1.5752226210399367   4.774947320117133   
enrich               3.3408924125358577   1.086109918857291    4.3592095672544175  
methyl               3.3673850048743827   0.9694368758895742   4.246633063977644   
accuraci             3.3853774815667768   1.6812906976909854   5.019265086087304   
bind                 3.3889203193704374   1.3736459407363972   4.604179942228955   
challeng             3.3927694479787163   2.631444246173471    5.887175677126315   
error                3.4204427029240416   1.1482569476175848   4.509894260537513   
introduc             3.437904417239023    0.9126759422585277   4.45805979865572    
high                 3.4443730501768735   2.2248223914931486   5.503464750829291   
import               3.456022214444463    1.990020988956363    5.3730410147227445  
differenti           3.4872306681103273   2.250545040803579    5.523088448015451   
web                  3.4941468373277624   0.13052170956805245  3.931590072282409   
pattern              3.515284820663892    1.1408317433608388   4.654295112550249   
accur                3.5203114116758734   1.7015565216613298   5.155134965197352   
similar              3.5298210052024674   1.5308315037972184   4.9904929163123075  
molecular            3.5419209334015154   2.309223967797944    5.688407960676529   
requir               3.562173186261696    1.6645035939409933   5.192913406470463   
transcript           3.57947957688448     1.9395998840854858   5.352550878392501   
wa                   3.5945019307027235   2.694470619267781    6.130376807561587   
type                 3.6022657437361914   2.216250178229644    5.691476808673261   
mutat                3.6151891448046336   1.5592906674105715   5.0574525809467685  
current              3.6529849726991817   1.2891269417565454   4.975499870266918   
pathway              3.682754432223132    2.416089466748761    5.871965498360205   
metagenom            3.7235428146444085   0.1491180941659733   3.9816874020947224  
distribut            3.724565265286294    1.0013122642190315   4.794397700923933   
popul                3.7280849715661164   1.3303664733567464   4.96291888437266    
imag                 3.7374164916447614   4.7418182234386075   8.213953178729884   
snp                  3.74123952594292     1.3900782476615259   5.113157256333022   
analys               3.751112380118424    0.7689934762655847   4.660292264687293   
assembl              3.7680762426170444   1.0987706552857934   4.822050274253103   
infer                3.8017566563753826   1.4327500685342185   5.209102490038858   
propos               3.8090413437538984   2.9680550073651903   6.662608102721356   
measur               3.8271060109712134   2.5482201444632837   6.217310470232955   
appli                3.845218284630664    2.437461913223664    6.151709587575996   
annot                3.8518948169463885   1.1869111872677254   5.061956589510918   
effici               3.876276574900286    2.171054118255949    5.895994724702239   
analyz               3.8996534476847335   1.2167730689437777   5.181352691433791   
region               3.9010321198198565   1.426080643887744    5.301393560680062   
pmcid                3.9308264574413543   9.21951560510919     12.824861579214007  
singl                3.9380767751698027   2.861153427952209    6.629554482053278   
novel                3.963697788066843    1.3787902995683046   5.42314015545006    
mani                 3.985695118825058    2.0094081911875414   5.929536631208068   
research             4.0121091461017135   1.6519573086395334   5.601032824874367   
target               4.043193411640063    3.293595087910194    7.091488321063848   
rnaseq               4.067025871795304    1.4795434197233457   5.4914673258304445  
demonstr             4.078626412427031    2.6921058388247516   6.60630093427192    
cluster              4.0985440795049985   1.4466916284222302   5.47357702506309    
improv               4.116296739440973    2.926488669832137    6.906804049199709   
conclus              4.1264926814601655   2.2957502129781964   6.462625485117368   
cancer               4.151609649154606    1.5219157999445783   5.585783368263525   
code                 4.152679898121466    0.3396898428908909   4.961685462522042   
includ               4.249004247584698    1.8138839115471344   6.080920575411041   
time                 4.267476345796091    2.208663449132057    6.404705734286991   
profil               4.277070565728874    1.2973985156386436   5.598799784739891   
howev                4.288406264681424    2.4201298257525323   6.685407094490872   
background           4.35834241624814     2.5195883457553183   6.907636010394085   
dna                  4.385795086036798    2.1723494960653094   6.4484795157809085  
refer                4.394069681566345    0.7460989595762794   5.378738775865731   
exist                4.458667376196827    0.9627159682638283   5.696057073287098   
r                    4.483011005579796    0.533153287489766    5.334502861675108   
larg                 4.500515996922492    2.2109642510400866   6.664226030844062   
user                 4.515653929974234    0.4245161113480092   5.401182306239731   
simul                4.553173681731475    1.208159902570256    5.945270162466831   
specif               4.570348070466561    2.30233743436638     6.819664896110306   
site                 4.570942171772781    1.9843248111757807   6.405383617035839   
effect               4.577297615989453    2.556227888879139    6.981790773069585   
freeli               4.585993148127798    0.21493902274803195  5.531457655456697   
rna                  4.5859962481838545   2.6417144153812497   6.9889502648648     
statist              4.607094065157807    1.8173542815621788   6.531499169444847   
process              4.61269181323973     9.691657858191975    13.144427140436438  
number               4.685737322443585    2.179821540329914    6.888893148261401   
allow                4.692094649770211    2.1739407654462726   6.856413496368534   
compar               4.734223669337707    2.276630273367453    7.0207893439847195  
human                4.757908452340206    3.6494028641143186   8.149438799619338   
estim                4.794671016120392    1.0316394162509674   5.8916178710446765  
select               4.81183158232232     2.502540175132584    7.1808602820071235  
design               4.826984515032337    2.107275784739221    6.870307659922558   
associ               4.858558449249734    2.6343813202338593   7.354321924594549   
motiv                4.876827908472247    0.91423643246741     6.434478027272008   
diseas               4.912149597722962    2.780538181343101    7.469884118713333   
databas              4.975327973172287    0.859806498092751    6.032624960280061   
featur               4.983781265775807    2.4374689504783364   7.436531184684396   
genet                5.025650095709444    3.3905946144857517   8.200118054876937   
visual               5.109520604317199    1.533399858200227    6.685326769525902   
multipl              5.122826066318067    2.2628195276014225   7.381978742296212   
sourc                5.17186437898033     0.9712696976853613   6.629265791891934   
new                  5.212763679698457    2.6938606496910182   7.871646627576296   
ha                   5.299155983883699    3.0758531011837444   8.288572259222528   
integr               5.3408457714484525   2.1342209235943606   7.5281946426919495  
test                 5.4562104521933      3.2531720760082408   8.6448840981352     
applic               5.492455688049766    2.342464682737338    7.8412480018479265  
map                  5.5500477520770914   1.6005256549079818   7.175174181373364   
complex              5.640360531565995    3.3556564994239175   8.831945610746429   
gener                5.6971685422396385   3.5643095612217146   9.284813873854365   
studi                5.69923047772067     4.392822199214866    9.923745996074684   
present              5.985951453365212    1.5011662615201065   8.165611440281275   
cell                 6.140084465587987    9.189380018478316    14.792779781425619  
detect               6.152026463341289    2.181959201866155    8.414012374151108   
packag               6.2211373844704845   0.6544291827928133   7.519533011650421   
base                 6.26186542546753     3.136268122968033    9.570526005976408   
differ               6.2704084923837495   3.9037223035389976   10.07686905585201   
sampl                6.388796948040195    2.437376914552095    8.906226229648269   
onlin                6.41707256376912     0.8292727507423344   8.584451332012938   
softwar              6.425528209309954    1.4477707869637406   8.490121826598857   
network              6.458139118752515    4.958801213965181    11.172968486633902  
dataset              6.494912502150476    2.0377727437995747   8.960400798298114   
perform              6.500901116044187    3.385773429238198    10.037117807394262  
provid               6.6055264320628355   3.0794402981874653   9.887393012742857   
interact             6.664755153810226    2.815597277002727    9.532417697984137   
approach             6.6810000245571395   4.4464274885404755   10.9982790431544    
express              6.757829409732255    5.018842955014157    11.458033017288686  
pubm                 6.834976188051139    38.73299756655897    48.12354623169478   
develop              6.848302459966839    4.623859520112575    11.467017198646031  
medlin               6.857880856634496    34.22362926762973    42.448803074018116  
doi                  6.868397306741271    29.48270302626209    37.222717111804954  
comput               6.872897937040939    1.7676695113767682   9.232439853412728   
pmid                 6.883104384333244    38.89855728459845    48.35950298957517   
biolog               6.886290135363959    4.29847429582618     11.128145290465431  
contact              6.941374997700609    1.8287064346022215   10.008524547055497  
bioinformat          7.033862509892467    5.211310973071885    12.100845510021184  
align                7.080983201098436    0.40736595522524693  7.9378923043064     
set                  7.166952494182544    2.6750548161844647   10.07635730362248   
algorithm            7.347359687732912    2.344477866299484    10.04045202088284   
function             7.492330121239958    4.713796001765256    12.069503878694352  
identifi             7.570539029762801    3.5089270803585153   11.317671340950827  
read                 7.85154753124034     1.114620166258072    9.491850683938596   
thi                  7.889311055008887    6.099068483389424    13.929454076060354  
index                7.923842099612261    34.235916508049904   42.679091025623     
variant              8.177546969671662    2.0870374982101105   10.409435720958589  
http                 8.211705933708847    0.2290764248441454   11.662770436290245  
predict              8.269639911830744    4.84590695615059     13.049236435368213  
result               9.212244384290297    5.267775498817611    15.315055408050606  
inform               9.288112895856575    3.0361567861496095   13.876804403312782  
tool                 9.593386878661418    2.033105767727997    12.950051537728879  
structur             9.633261986735624    5.419515439510706    15.02854312292357   
genom                9.91610271648965     4.959089562145579    15.031433407006427  
implement            9.918128786500073    1.192248058746181    14.093506472214333  
analysi              10.11628762907433    3.9755475337210053   14.6629340173808    
model                10.560158893658311   5.691113075703455    16.364377284419927  
supplementari        10.666176997882818   1.6444636843267353   14.26141925823165   
protein              11.536723477735544   9.029063969697777    20.03400852157462   
gene                 12.145729771863817   7.920687288206764    19.948572085262303  
use                  12.727540802906605   9.213447288602532    22.45521169956024   
method               13.505536184371465   15.814832556171991   28.054720196255584  
sequenc              15.740002122014552   4.887147147199163    22.61134569460237   
avail                15.836549708467867   2.0765207301259094   23.218580043661117  
data                 18.530491535818975   8.5421185421609      30.428284139402887  
                     174.00474302257356   222.34528050506538   375.61155114916505  
